(di-)nucleotide	count sample	percent sample	count genomic	percent genomic	coverage
A	640	35.28	63894	30.23	0.010
C	274	15.10	41640	19.70	0.007
G	314	17.31	42217	19.97	0.007
T	586	32.30	63626	30.10	0.009
AA	266	14.86	21686	10.27	0.012
AC	64	3.58	11463	5.43	0.006
AG	114	6.37	12561	5.95	0.009
AT	190	10.61	18136	8.59	0.010
CA	98	5.47	14085	6.67	0.007
CC	64	3.58	8631	4.09	0.007
CG	34	1.90	6679	3.16	0.005
CT	70	3.91	12172	5.76	0.006
GA	108	6.03	13288	6.29	0.008
GC	54	3.02	8485	4.02	0.006
GG	54	3.02	8701	4.12	0.006
GT	94	5.25	11673	5.53	0.008
TA	162	9.05	14797	7.01	0.011
TC	90	5.03	12992	6.15	0.007
TG	108	6.03	14204	6.73	0.008
TT	220	12.29	21597	10.23	0.010
